 239  59  87 236 195 252  57 191 165 201 132  29 238 200  46  35
  13 105  89 122  12 234 194  77  41  27 191 251 116 214  80 249
 227 231 207 186 130  48  68   5 131 152 176  13  84 157 162  66
 112 199 179 203  75 245 254 128  70  68 128 105 197 235 224 192
 116 233 203  72 119  60  26 100 172 238  54 117 232  47  42  64
  52  55 152 221 212  83 251  51  39   8 214  40   1 100  34  86
   0 178  54   3  89 191 241  35   9 214 217 220 184 185 205 103
  38 204 251 143  99 211 242 243 105 240 124  32  71 191 119 115
 116  21 172  15 128  58 233 249  79 227 221 148  42 225  31 156
 251 128  32  12 149  40
